<?xml version="1.0" encoding="UTF-8" standalone="no" ?>
<SimscapeMultibodyImportXML version="2.0" xmlns="urn:mathworks:SimscapeMultibody:import" xmlns:xsi="http://www.w3.org/2001/XMLSchema-instance">
<Created by="" on="11/22/19||18:57:18" using="Simscape Multibody Link Version 6.1" from="SolidWorks 26.3.0"/>
<ModelUnits mass="kilogram" length="millimeter"/>
<DataUnits mass="kilogram" length="meter"/>
<RootAssembly name="CrustCrawler" uid="CrustCrawler" version="444">
<AssemblyFile name="CrustCrawler.SLDASM" type="SolidWorks Assembly"/>
<InstanceTree>
<Instance name="MX-106T-1" uid="MX-106T-1" grounded="true" entityUid="MX-106T*:*Default">
<Transform>
<Rotation>1 -1.1491199492892865e-16 0 0 -1.304284100816455e-16 1 -1.1491199492892872e-16 -0.99999999999999989 -1.304284100816455e-16</Rotation>
<Translation>0 0.16639999999999999 0</Translation>
</Transform>
</Instance>
<Instance name="Assem3^CrustCrawler-1" uid="Assem3^CrustCrawler-1" entityUid="Assem3^CrustCrawler" rigid="true">
<Transform>
<Rotation>0.99815864952123756 2.4474295608904799e-14 0.060657319310527306 -2.439116965057318e-14 1 -2.1108524362871894e-15 -0.060657319310527306 6.274626512909875e-16 0.99815864952123756</Rotation>
<Translation>9.6391644666127263e-14 -0.00014785972411493487 4.9732601647978214e-08</Translation>
</Transform>
<Instance name="Servo-disc-link_MX-64T-1" uid="Servo-disc-link_MX-64T-1" entityUid="Servo-disc-link_MX-64T*:*Default">
<Transform>
<Rotation>0.99815864952121036 4.0804251646545267e-05 -0.060657305586438434 -3.9755525260698445e-15 0.99999977373652049 0.00067270120252733339 0.06065731931097456 -0.00067146252384573627 0.99815842367436136</Rotation>
<Translation>-0.012992843012095598 0.23767342519829654 0.25749437680086412</Translation>
</Transform>
</Instance>
<Instance name="Servo-Disc-1" uid="Servo-Disc-1" entityUid="Servo-Disc*:*Default">
<Transform>
<Rotation>0.99815864952121036 -0.04286233914563467 -0.042920045071715526 -3.8714691175112361e-15 0.70758229277612605 -0.70663094961208761 0.060657319310974324 0.70532979437469201 0.70627938578253957</Rotation>
<Translation>0.015763848865646794 0.25014785972430698 0.22116338238143116</Translation>
</Transform>
</Instance>
<Instance name="Servo-Disc-4" uid="Servo-Disc-4" entityUid="Servo-Disc*:*Default">
<Transform>
<Rotation>4.0804251647722528e-05 0.67681125514397733 0.73615658880801116 0.99999977373652049 0.00046668479131950101 -0.00048449170625814271 -0.00067146252384576316 0.73615644201198127 -0.67681108296358417</Rotation>
<Translation>0.003336313047024747 0.27084694395040754 0.36796598544308506</Translation>
</Transform>
</Instance>
<Instance name="Finger-1" uid="Finger-1" entityUid="Finger*:*Default">
<Transform>
<Rotation>0.99911914405698665 4.0804251648170168e-05 -0.041963487865614685 -1.2591390305585327e-05 0.99999977373652049 0.00067258335154219545 0.041963505815070232 -0.00067146252384551336 0.99911891850659484</Rotation>
<Translation>0.0025916670195371395 0.23944850658200115 0.40749068004172811</Translation>
</Transform>
</Instance>
<Instance name="MX-28T-2" uid="MX-28T-2" entityUid="MX-28T*:*Default">
<Transform>
<Rotation>-0.99815864952121036 -0.060657305586438406 4.0804251647704171e-05 5.1391182975812879e-15 0.00067270120252728438 0.99999977373652038 -0.060657319310974546 0.99815842367436136 -0.00067146252384562427</Rotation>
<Translation>0.0033354724794408034 0.25024694861143526 0.36797981757107617</Translation>
</Transform>
</Instance>
<Instance name="Servo-Disc-6" uid="Servo-Disc-6" entityUid="Servo-Disc*:*Default">
<Transform>
<Rotation>-4.0804251647703053e-05 0.98586562966589997 0.1675379317601598 -0.99999977373652049 -0.00015272294289554088 0.00065513556657771351 0.00067146252384570743 -0.16753786712012786 0.98586541283225748</Rotation>
<Translation>0.0033347686060998887 0.23299695251448024 0.36799140029961264</Translation>
</Transform>
</Instance>
<Instance name="Servo-Disc-2" uid="Servo-Disc-2" entityUid="Servo-Disc*:*Default">
<Transform>
<Rotation>-0.99815864952123756 -0.057782564232540107 -0.018452253430182038 -1.9159786323567214e-15 -0.30420489464290756 0.95260662504272842 -0.060657319310527459 0.95085254237763395 0.30364474681451487</Rotation>
<Translation>-0.030151449012246975 0.25014785972409581 0.21837314569337965</Translation>
</Transform>
</Instance>
<Instance name="Servo-link-link_MX-28T-1" uid="Servo-link-link_MX-28T-1" entityUid="Servo-link-link_MX-28T*:*Default">
<Transform>
<Rotation>4.0804251647721288e-05 0.99815864952121036 0.060657305586438399 0.99999977373652049 -5.160016287470589e-15 -0.0006727012025272305 -0.00067146252384556171 0.060657319310974525 -0.99815842367436136</Rotation>
<Translation>-0.028656246286271767 0.25671983728226488 0.32565699107436591</Translation>
</Transform>
</Instance>
<Instance name="Link-plate-1" uid="Link-plate-1" entityUid="Link-plate*:*Default">
<Transform>
<Rotation>0.99815864952121025 4.0804251646506345e-05 -0.060657305586438406 -3.9308833965634417e-15 0.99999977373652049 0.00067270120252742717 0.060657319310974525 -0.00067146252384583255 0.99815842367436125</Rotation>
<Translation>-0.013593145812710287 0.25021882970117371 0.32507397773492397</Translation>
</Transform>
</Instance>
<Instance name="Link-2-1" uid="Link-2-1" entityUid="Link-2*:*Default">
<Transform>
<Rotation>0.99815864952121036 4.080425164641599e-05 -0.060657305586438393 -3.8398104140746593e-15 0.99999977373652049 0.00067270120252743606 0.060657319310974518 -0.00067146252384584707 0.99815842367436136</Rotation>
<Translation>-0.011561636128710187 0.23769629703918249 0.29164406382338087</Translation>
</Transform>
</Instance>
<Instance name="MX-28T-1" uid="MX-28T-1" entityUid="MX-28T*:*Default">
<Transform>
<Rotation>-0.99815864952121058 -0.06065730558643842 4.0804251647708237e-05 5.13521516976034e-15 0.00067270120252733989 0.99999977373652049 -0.060657319310974525 0.99815842367436125 -0.00067146252384564509</Rotation>
<Translation>-0.03559271485188642 0.25024694861143526 0.36561418211794827</Translation>
</Transform>
</Instance>
<Instance name="MX-28T-Link-1" uid="MX-28T-Link-1" entityUid="MX-28T-Link*:*Default">
<Transform>
<Rotation>0.99815864952121036 4.0804251647708108e-05 -0.060657305586438622 -5.1399856593192755e-15 0.99999977373652049 0.00067270120252734054 0.060657319310974747 -0.00067146252384567273 0.99815842367436136</Rotation>
<Translation>-0.015369792802617565 0.26523853645245554 0.35430994761072498</Translation>
</Transform>
</Instance>
<Instance name="Servo-Disc-3" uid="Servo-Disc-3" entityUid="Servo-Disc*:*Default">
<Transform>
<Rotation>4.0804251647721972e-05 -0.015314153661496493 -0.99988273064027144 0.99999977373652049 -0.00067075890054396192 5.1082337680989985e-05 -0.00067146252384579785 -0.99988250648770205 0.015314122826647826</Rotation>
<Translation>-0.035591874284302487 0.27084694395040765 0.36560034998995705</Translation>
</Transform>
</Instance>
<Instance name="Servo-disc-link_MX-28T-1" uid="Servo-disc-link_MX-28T-1" entityUid="Servo-disc-link_MX-28T*:*Default">
<Transform>
<Rotation>4.0804251647629368e-05 -0.99911914405698665 -0.041963487865614685 0.99999977373652049 1.2591390305043009e-05 0.00067258335154219545 -0.000671462523845541 -0.041963505815070232 0.99911891850659484</Rotation>
<Translation>0.014229941050825997 0.25252234887732217 0.40646936950633655</Translation>
</Transform>
</Instance>
<Instance name="Servo-Disc-5" uid="Servo-Disc-5" entityUid="Servo-Disc*:*Default">
<Transform>
<Rotation>-4.0804251647716728e-05 0.98586562966594238 0.16753793175990966 -0.99999977373652049 -0.00015272294289540251 0.00065513556657782746 0.00067146252384578387 -0.16753786711987778 0.98586541283230011</Rotation>
<Translation>-0.035593418725227352 0.2329969525144803 0.36562576484648457</Translation>
</Transform>
</Instance>
<Instance name="Servo-disc-link_MX-28T-2" uid="Servo-disc-link_MX-28T-2" entityUid="Servo-disc-link_MX-28T*:*Default">
<Transform>
<Rotation>4.0804251647561754e-05 -0.99988273064027133 0.015314153661493704 0.99999977373652049 5.1082337680824746e-05 0.00067075890054382747 -0.00067146252384565907 0.015314122826645044 0.99988250648770216</Rotation>
<Translation>-0.022512151070181126 0.25252179841134215 0.40341678003846909</Translation>
</Transform>
</Instance>
<Instance name="Finger-2" uid="Finger-2" entityUid="Finger*:*Default">
<Transform>
<Rotation>-0.99988273064027144 -4.0804251647531973e-05 0.015314153661493704 5.1082337680790282e-05 -0.99999977373652049 0.00067075890054345169 0.015314122826645037 0.00067146252384528426 0.99988250648770216</Rotation>
<Translation>-0.035902120080527289 0.26444848712106084 0.40511403556532327</Translation>
</Transform>
</Instance>
</Instance>
<Instance name="Assem1^CrustCrawler-1" uid="Assem1^CrustCrawler-1" entityUid="Assem1^CrustCrawler" rigid="true">
<Transform>
<Rotation>0.99815864952122402 0 0.06065731931075094 0 1 0 -0.06065731931075094 0 0.99815864952122402</Rotation>
<Translation>0 0 0</Translation>
</Transform>
<Instance name="MX-106T-1" uid="MX-106T-1" entityUid="MX-106T*:*Default">
<Transform>
<Rotation>0.060657319310751051 -4.5228636340301314e-15 0.99815864952122402 4.7906482539004212e-14 1 1.6199677540062729e-15 -0.99815864952122402 4.7720007013116683e-14 0.060657319310751051</Rotation>
<Translation>-1.9481425332238494e-15 0.25 1.1574797767039246e-14</Translation>
</Transform>
</Instance>
<Instance name="Servo-link-link_MX-106T-1" uid="Servo-link-link_MX-106T-1" entityUid="Servo-link-link_MX-106T*:*Default">
<Transform>
<Rotation>0.99815864952122402 -0.060657319310750427 0 0 -1.9302514549798409e-16 -1 0.060657319310750427 0.99815864952122402 -1.9759063459390551e-16</Rotation>
<Translation>0.0054015737125067097 0.19769999999999999 -0.014699421805920021</Translation>
</Transform>
</Instance>
<Instance name="Base-disc-1" uid="Base-disc-1" entityUid="Base-disc*:*Default">
<Transform>
<Rotation>0.99815864952122402 0 -0.06065731931075094 0 1 0 0.06065731931075094 0 0.99815864952122402</Rotation>
<Translation>0 0.19619999999999999 0</Translation>
</Transform>
</Instance>
</Instance>
<Instance name="Assem2^CrustCrawler-1" uid="Assem2^CrustCrawler-1" entityUid="Assem2^CrustCrawler" rigid="true">
<Transform>
<Rotation>0.99815864952122402 0 0.060657319310750933 4.0804251622085185e-05 0.99999977373652083 -0.00067146252351129763 -0.060657305586214842 0.00067270120219202706 0.99815842367437502</Rotation>
<Translation>0 5.6565869779072086e-08 -0.00016817530052497503</Translation>
</Transform>
<Instance name="Servo-link-link_MX-64T-1" uid="Servo-link-link_MX-64T-1" entityUid="Servo-link-link_MX-64T*:*Default">
<Transform>
<Rotation>0.99815864952122391 -4.0804251639649294e-05 0.06065730558621503 -2.058578894245274e-14 -0.99999977373652083 -0.00067270120214279116 0.060657319310751114 0.00067146252346090348 -0.99815842367437502</Rotation>
<Translation>-0.0026752162170404067 0.26511435581041221 0.17014088857950749</Translation>
</Transform>
</Instance>
<Instance name="MX-64T-1" uid="MX-64T-1" entityUid="MX-64T*:*Default">
<Transform>
<Rotation>4.0804251639206879e-05 -0.06065730558621505 0.99815864952122402 0.99999977373652094 0.00067270120210320391 -2.2548211749191636e-14 -0.00067146252342127025 0.99815842367437502 0.060657319310751155</Rotation>
<Translation>-0.010188276021857935 0.2501478597242226 0.21958629207945449</Translation>
</Transform>
</Instance>
<Instance name="Link-1-1" uid="Link-1-1" entityUid="Link-1*:*Default">
<Transform>
<Rotation>0.99815864952122402 4.0804251622085185e-05 -0.060657305586214842 0 0.99999977373652083 0.00067270120219202706 0.060657319310750933 -0.00067146252351129763 0.99815842367437502</Rotation>
<Translation>-0.0031343414353271312 0.23756962740271545 0.10350886068765815</Translation>
</Transform>
</Instance>
<Instance name="Link-plate-1" uid="Link-plate-1" entityUid="Link-plate*:*Default">
<Transform>
<Rotation>0.99815864952122402 4.0804251622085185e-05 -0.060657305586214842 0 0.99999977373652083 0.00067270120219202706 0.060657319310750933 -0.00067146252351129763 0.99815842367437502</Rotation>
<Translation>-0.007076556245287211 0.25011335015256136 0.16838076494494911</Translation>
</Transform>
</Instance>
<Instance name="Servo-Disc-1" uid="Servo-Disc-1" entityUid="Servo-Disc*:*Default">
<Transform>
<Rotation>0.99815864952122391 -5.3860631208050834e-14 -0.060657319310750968 1.6199601952059007e-15 1 -8.6129183618680383e-13 0.060657319310750968 8.5960763360904404e-13 0.99815864952122391</Rotation>
<Translation>0.028746969106209306 0.25000000000000011 0.0017469307961612047</Translation>
</Transform>
</Instance>
<Instance name="Servo-Disc-2" uid="Servo-Disc-2" entityUid="Servo-Disc*:*Default">
<Transform>
<Rotation>-0.99815864952122402 -4.0804251617467399e-05 -0.060657305586214925 -1.6147501514588865e-15 -0.99999977373652083 0.00067270120214242557 -0.060657319310751016 0.00067146252346188533 0.99815842367437502</Rotation>
<Translation>-0.022458569614228825 0.25000000000000006 -0.0013647896845033578</Translation>
</Transform>
</Instance>
<Instance name="Servo-disc-link_MX-106T-1" uid="Servo-disc-link_MX-106T-1" entityUid="Servo-disc-link_MX-106T*:*Default">
<Transform>
<Rotation>-0.99815864952122402 -4.0804251617550632e-05 -0.060657305586214925 -1.6092749317266772e-15 -0.99999977373652083 0.00067270120214370753 -0.060657319310751016 0.00067146252346316458 0.99815842367437502</Rotation>
<Translation>0.0069784078814152288 0.26252555981738807 0.038485739887661068</Translation>
</Transform>
</Instance>
</Instance>
</InstanceTree>
<Constraints>
<Concentric name="Concentric12">
<ConstraintGeometry geomType="cylinder">
<InstancePath>
<Uid>MX-106T-1</Uid>
</InstancePath>
<Position>0 0 0.030800000000003519</Position>
<Axis>0 0 -1</Axis>
</ConstraintGeometry>
<ConstraintGeometry geomType="cylinder">
<InstancePath>
<Uid>Assem1^CrustCrawler-1</Uid>
<Uid>Base-disc-1</Uid>
</InstancePath>
<Position>0 0 0</Position>
<Axis>0 1 0</Axis>
</ConstraintGeometry>
</Concentric>
<Coincident name="Coincident82">
<ConstraintGeometry geomType="plane">
<InstancePath>
<Uid>MX-106T-1</Uid>
</InstancePath>
<Position>0.0028639490833659979 0.0028639490833659987 0.030799999999999994</Position>
<Axis>0 0 1</Axis>
</ConstraintGeometry>
<ConstraintGeometry geomType="plane">
<InstancePath>
<Uid>Assem1^CrustCrawler-1</Uid>
<Uid>Base-disc-1</Uid>
</InstancePath>
<Position>0 0.0010000000000000009 0</Position>
<Axis>0 1 0</Axis>
</ConstraintGeometry>
</Coincident>
<Concentric name="Concentric15">
<ConstraintGeometry geomType="circle">
<InstancePath>
<Uid>Assem1^CrustCrawler-1</Uid>
<Uid>MX-106T-1</Uid>
</InstancePath>
<Position>0 0 0.030800000000003516</Position>
<Axis>0 0 1</Axis>
</ConstraintGeometry>
<ConstraintGeometry geomType="circle">
<InstancePath>
<Uid>Assem2^CrustCrawler-1</Uid>
<Uid>Servo-Disc-1</Uid>
</InstancePath>
<Position>0.0020000000000000018 0 0</Position>
<Axis>1.0000000000000002 0 0</Axis>
</ConstraintGeometry>
</Concentric>
<Coincident name="Coincident85">
<ConstraintGeometry geomType="plane">
<InstancePath>
<Uid>Assem1^CrustCrawler-1</Uid>
<Uid>MX-106T-1</Uid>
</InstancePath>
<Position>0.0028639490833659996 0.0028639490833660131 0.030799999999999998</Position>
<Axis>0 0 1</Axis>
</ConstraintGeometry>
<ConstraintGeometry geomType="plane">
<InstancePath>
<Uid>Assem2^CrustCrawler-1</Uid>
<Uid>Servo-Disc-1</Uid>
</InstancePath>
<Position>0.0020000000000000018 0 0</Position>
<Axis>1.0000000000000002 0 0</Axis>
</ConstraintGeometry>
</Coincident>
<Concentric name="Concentric16">
<ConstraintGeometry geomType="circle">
<InstancePath>
<Uid>Assem1^CrustCrawler-1</Uid>
<Uid>MX-106T-1</Uid>
</InstancePath>
<Position>0 0 -0.024500000000003498</Position>
<Axis>0 0 -1</Axis>
</ConstraintGeometry>
<ConstraintGeometry geomType="circle">
<InstancePath>
<Uid>Assem2^CrustCrawler-1</Uid>
<Uid>Servo-Disc-2</Uid>
</InstancePath>
<Position>0.0020000000000000018 0 0</Position>
<Axis>1 0 0</Axis>
</ConstraintGeometry>
</Concentric>
<Coincident name="Coincident86">
<ConstraintGeometry geomType="plane">
<InstancePath>
<Uid>Assem1^CrustCrawler-1</Uid>
<Uid>MX-106T-1</Uid>
</InstancePath>
<Position>0.0041686691350830011 0.004159999999999997 -0.024500000000000001</Position>
<Axis>0 0 -1</Axis>
</ConstraintGeometry>
<ConstraintGeometry geomType="plane">
<InstancePath>
<Uid>Assem2^CrustCrawler-1</Uid>
<Uid>Servo-Disc-2</Uid>
</InstancePath>
<Position>0.0020000000000000018 0 0</Position>
<Axis>1 0 0</Axis>
</ConstraintGeometry>
</Coincident>
<Concentric name="Concentric19">
<ConstraintGeometry geomType="cylinder">
<InstancePath>
<Uid>Assem2^CrustCrawler-1</Uid>
<Uid>MX-64T-1</Uid>
</InstancePath>
<Position>0 0 0.028000000000003366</Position>
<Axis>6.3080853671883991e-16 0 -1</Axis>
</ConstraintGeometry>
<ConstraintGeometry geomType="cylinder">
<InstancePath>
<Uid>Assem3^CrustCrawler-1</Uid>
<Uid>Servo-Disc-1</Uid>
</InstancePath>
<Position>0.0019999999999999983 0 0</Position>
<Axis>-1 0 0</Axis>
</ConstraintGeometry>
</Concentric>
<Coincident name="Coincident89">
<ConstraintGeometry geomType="plane">
<InstancePath>
<Uid>Assem2^CrustCrawler-1</Uid>
<Uid>MX-64T-1</Uid>
</InstancePath>
<Position>0.002865594846250985 0.0028600000000000014 0.027999999999999997</Position>
<Axis>0 0 1</Axis>
</ConstraintGeometry>
<ConstraintGeometry geomType="plane">
<InstancePath>
<Uid>Assem3^CrustCrawler-1</Uid>
<Uid>Servo-Disc-1</Uid>
</InstancePath>
<Position>0.0019999999999999983 0 0</Position>
<Axis>1 0 0</Axis>
</ConstraintGeometry>
</Coincident>
<Concentric name="Concentric20">
<ConstraintGeometry geomType="circle">
<InstancePath>
<Uid>Assem2^CrustCrawler-1</Uid>
<Uid>MX-64T-1</Uid>
</InstancePath>
<Position>0 0 -0.022000000000003215</Position>
<Axis>0 0 -1</Axis>
</ConstraintGeometry>
<ConstraintGeometry geomType="cylinder">
<InstancePath>
<Uid>Assem3^CrustCrawler-1</Uid>
<Uid>Servo-Disc-2</Uid>
</InstancePath>
<Position>0.0019999999999999983 0 0</Position>
<Axis>-1 0 0</Axis>
</ConstraintGeometry>
</Concentric>
<Coincident name="Coincident90">
<ConstraintGeometry geomType="plane">
<InstancePath>
<Uid>Assem2^CrustCrawler-1</Uid>
<Uid>MX-64T-1</Uid>
</InstancePath>
<Position>0.0041599901923939364 0.004159999999999997 -0.021999999999999999</Position>
<Axis>0 0 -1</Axis>
</ConstraintGeometry>
<ConstraintGeometry geomType="plane">
<InstancePath>
<Uid>Assem3^CrustCrawler-1</Uid>
<Uid>Servo-Disc-2</Uid>
</InstancePath>
<Position>0.0019999999999999983 0 0</Position>
<Axis>1 0 0</Axis>
</ConstraintGeometry>
</Coincident>
</Constraints>
</RootAssembly>
<Assemblies>
<Assembly name="Assem3^CrustCrawler" uid="Assem3^CrustCrawler" version="103">
<ModelUnits mass="kilogram" length="millimeter"/>
<AssemblyFile name="CrustCrawler.sldasm" type="SolidWorks Assembly"/>
</Assembly>
<Assembly name="Assem1^CrustCrawler" uid="Assem1^CrustCrawler" version="103">
<ModelUnits mass="kilogram" length="millimeter"/>
<AssemblyFile name="CrustCrawler.sldasm" type="SolidWorks Assembly"/>
</Assembly>
<Assembly name="Assem2^CrustCrawler" uid="Assem2^CrustCrawler" version="103">
<ModelUnits mass="kilogram" length="millimeter"/>
<AssemblyFile name="CrustCrawler.sldasm" type="SolidWorks Assembly"/>
</Assembly>
</Assemblies>
<Parts>
<Part name="Base-disc" uid="Base-disc*:*Default" version="145">
<ModelUnits mass="kilogram" length="millimeter"/>
<PartFile name="Base-disc.SLDPRT" type="SolidWorks Part"/>
<MassProperties>
<Mass>0.025490270815139347</Mass>
<CenterOfMass>0 0.0004999999999999999 0</CenterOfMass>
<Inertia>1.9378030830698146e-05 3.8748477390903991e-05 1.9374690925008305e-05 0 0 0</Inertia>
</MassProperties>
<GeometryFile name="Base-disc_Default_sldprt.STEP" type="STEP"/>
<VisualProperties>
<Ambient r="0.89803921568627454" g="0.91764705882352937" b="0.92941176470588238" a="1"/>
<Diffuse r="0.89803921568627454" g="0.91764705882352937" b="0.92941176470588238" a="1"/>
<Specular r="0.44901960784313727" g="0.45882352941176469" b="0.46470588235294119" a="1"/>
<Emissive r="0" g="0" b="0" a="1"/>
<Shininess>0.3125</Shininess>
</VisualProperties>
</Part>
<Part name="Finger" uid="Finger*:*Default" version="174">
<ModelUnits mass="kilogram" length="millimeter"/>
<PartFile name="Finger.SLDPRT" type="SolidWorks Part"/>
<MassProperties>
<Mass>0.01733301446680572</Mass>
<CenterOfMass>0.0038602206826003041 0.012500000000000034 0.036961667661683781</CenterOfMass>
<Inertia>1.5301194404128678e-05 1.6243965563469915e-05 2.7145027633219593e-06 0 2.6954817954550405e-06 0</Inertia>
</MassProperties>
<GeometryFile name="Finger_Default_sldprt.STEP" type="STEP"/>
<VisualProperties>
<Ambient r="0.89803921568627454" g="0.91764705882352937" b="0.92941176470588238" a="1"/>
<Diffuse r="0.89803921568627454" g="0.91764705882352937" b="0.92941176470588238" a="1"/>
<Specular r="0.44901960784313727" g="0.45882352941176469" b="0.46470588235294119" a="1"/>
<Emissive r="0" g="0" b="0" a="1"/>
<Shininess>0.3125</Shininess>
</VisualProperties>
</Part>
<Part name="Link-1" uid="Link-1*:*Default" version="210">
<ModelUnits mass="kilogram" length="millimeter"/>
<PartFile name="Link-1.SLDPRT" type="SolidWorks Part"/>
<MassProperties>
<Mass>0.022790628547627804</Mass>
<CenterOfMass>0 0.0076331491587331339 0.0008374132960252724</CenterOfMass>
<Inertia>4.2813278852128906e-05 4.4610484991882478e-05 4.265798134723661e-06 1.5264625291903522e-08 0 0</Inertia>
</MassProperties>
<GeometryFile name="Link-1_Default_sldprt.STEP" type="STEP"/>
<VisualProperties>
<Ambient r="0.89803921568627454" g="0.91764705882352937" b="0.92941176470588238" a="1"/>
<Diffuse r="0.89803921568627454" g="0.91764705882352937" b="0.92941176470588238" a="1"/>
<Specular r="0.44901960784313727" g="0.45882352941176469" b="0.46470588235294119" a="1"/>
<Emissive r="0" g="0" b="0" a="1"/>
<Shininess>0.3125</Shininess>
</VisualProperties>
</Part>
<Part name="Link-2" uid="Link-2*:*Default" version="245">
<ModelUnits mass="kilogram" length="millimeter"/>
<PartFile name="Link-2.SLDPRT" type="SolidWorks Part"/>
<MassProperties>
<Mass>0.013346673572331715</Mass>
<CenterOfMass>0 0.0084412399976342891 0.00019066099396354113</CenterOfMass>
<Inertia>8.0927443325287365e-06 9.3033608525781978e-06 2.7965003584432778e-06 4.0916240890220109e-09 0 0</Inertia>
</MassProperties>
<GeometryFile name="Link-2_Default_sldprt.STEP" type="STEP"/>
<VisualProperties>
<Ambient r="0.89803921568627454" g="0.91764705882352937" b="0.92941176470588238" a="1"/>
<Diffuse r="0.89803921568627454" g="0.91764705882352937" b="0.92941176470588238" a="1"/>
<Specular r="0.44901960784313727" g="0.45882352941176469" b="0.46470588235294119" a="1"/>
<Emissive r="0" g="0" b="0" a="1"/>
<Shininess>0.3125</Shininess>
</VisualProperties>
</Part>
<Part name="Link-plate" uid="Link-plate*:*Default" version="124">
<ModelUnits mass="kilogram" length="millimeter"/>
<PartFile name="Link-plate.SLDPRT" type="SolidWorks Part"/>
<MassProperties>
<Mass>0.0028825008972002278</Mass>
<CenterOfMass>0 0 0.00050000000000000001</CenterOfMass>
<Inertia>1.4941972597400324e-07 4.818856810685142e-07 6.3082499022631744e-07 0 0 0</Inertia>
</MassProperties>
<GeometryFile name="Link-plate_Default_sldprt.STEP" type="STEP"/>
<VisualProperties>
<Ambient r="0.89803921568627454" g="0.91764705882352937" b="0.92941176470588238" a="1"/>
<Diffuse r="0.89803921568627454" g="0.91764705882352937" b="0.92941176470588238" a="1"/>
<Specular r="0.44901960784313727" g="0.45882352941176469" b="0.46470588235294119" a="1"/>
<Emissive r="0" g="0" b="0" a="1"/>
<Shininess>0.3125</Shininess>
</VisualProperties>
</Part>
<Part name="MX-106T" uid="MX-106T*:*Default" version="103">
<ModelUnits mass="kilogram" length="millimeter"/>
<PartFile name="MX-106T.SLDPRT" type="SolidWorks Part"/>
<MassProperties>
<Mass>0.19561170999999999</Mass>
<CenterOfMass>3.6294547203052311e-06 -0.015728033898397709 0.00046041747606699097</CenterOfMass>
<Inertia>9.353676381074006e-05 5.2149211406744044e-05 7.3933306729302193e-05 -2.4036217245456804e-06 5.2267768495909148e-09 -3.7129011812466664e-09</Inertia>
</MassProperties>
<GeometryFile name="MX-106T_Default_sldprt.STEP" type="STEP"/>
<VisualProperties>
<Ambient r="0.20784313725490194" g="0.20784313725490194" b="0.20784313725490194" a="1"/>
<Diffuse r="0.20784313725490194" g="0.20784313725490194" b="0.20784313725490194" a="1"/>
<Specular r="0.10392156862745097" g="0.10392156862745097" b="0.10392156862745097" a="1"/>
<Emissive r="0" g="0" b="0" a="1"/>
<Shininess>0.40000000596046448</Shininess>
</VisualProperties>
</Part>
<Part name="MX-28T" uid="MX-28T*:*Default" version="106">
<ModelUnits mass="kilogram" length="millimeter"/>
<PartFile name="MX-28T.SLDPRT" type="SolidWorks Part"/>
<MassProperties>
<Mass>0.096388378599999991</Mass>
<CenterOfMass>-4.9207660184937118e-09 -0.011515527780961547 -3.1786961811860269e-05</CenterOfMass>
<Inertia>2.7164585570374297e-05 1.6677802875978787e-05 2.3015011739517364e-05 -4.071722230813414e-07 1.1831857898853264e-11 6.3971751373782056e-13</Inertia>
</MassProperties>
<GeometryFile name="MX-28T_Default_sldprt.STEP" type="STEP"/>
<VisualProperties>
<Ambient r="0.20784313725490194" g="0.20784313725490194" b="0.20784313725490194" a="1"/>
<Diffuse r="0.20784313725490194" g="0.20784313725490194" b="0.20784313725490194" a="1"/>
<Specular r="0.10392156862745097" g="0.10392156862745097" b="0.10392156862745097" a="1"/>
<Emissive r="0" g="0" b="0" a="1"/>
<Shininess>0.40000000596046448</Shininess>
</VisualProperties>
</Part>
<Part name="MX-28T-Link" uid="MX-28T-Link*:*Default" version="136">
<ModelUnits mass="kilogram" length="millimeter"/>
<PartFile name="MX-28T-Link.SLDPRT" type="SolidWorks Part"/>
<MassProperties>
<Mass>0.0012738283478637804</Mass>
<CenterOfMass>0 0.00050000000000000001 0</CenterOfMass>
<Inertia>1.548400593392363e-07 1.7200066357832683e-07 1.7372908963734523e-08 0 0 0</Inertia>
</MassProperties>
<GeometryFile name="MX-28T-Link_Default_sldprt.STEP" type="STEP"/>
<VisualProperties>
<Ambient r="0.89803921568627454" g="0.91764705882352937" b="0.92941176470588238" a="1"/>
<Diffuse r="0.89803921568627454" g="0.91764705882352937" b="0.92941176470588238" a="1"/>
<Specular r="0.44901960784313727" g="0.45882352941176469" b="0.46470588235294119" a="1"/>
<Emissive r="0" g="0" b="0" a="1"/>
<Shininess>0.3125</Shininess>
</VisualProperties>
</Part>
<Part name="MX-64T" uid="MX-64T*:*Default" version="103">
<ModelUnits mass="kilogram" length="millimeter"/>
<PartFile name="MX-64T.SLDPRT" type="SolidWorks Part"/>
<MassProperties>
<Mass>0.17009713900000001</Mass>
<CenterOfMass>1.1288218934808353e-11 -0.015203481847325203 0.0004522569386128018</CenterOfMass>
<Inertia>7.0095398659614366e-05 3.984645342901137e-05 5.8501037407669086e-05 -2.0688024459748725e-06 4.7677246070726803e-14 -9.3378993115599097e-13</Inertia>
</MassProperties>
<GeometryFile name="MX-64T_Default_sldprt.STEP" type="STEP"/>
<VisualProperties>
<Ambient r="0.20784313725490194" g="0.20784313725490194" b="0.20784313725490194" a="1"/>
<Diffuse r="0.20784313725490194" g="0.20784313725490194" b="0.20784313725490194" a="1"/>
<Specular r="0.10392156862745097" g="0.10392156862745097" b="0.10392156862745097" a="1"/>
<Emissive r="0" g="0" b="0" a="1"/>
<Shininess>0.40000000596046448</Shininess>
</VisualProperties>
</Part>
<Part name="Servo-Disc" uid="Servo-Disc*:*Default" version="144">
<ModelUnits mass="kilogram" length="millimeter"/>
<PartFile name="Servo-Disc.SLDPRT" type="SolidWorks Part"/>
<MassProperties>
<Mass>0.0022669635214453581</Mass>
<CenterOfMass>0.00097661436740035124 0 0</CenterOfMass>
<Inertia>1.9199819105797385e-07 9.6747602260681152e-08 9.6747602260681165e-08 0 0 0</Inertia>
</MassProperties>
<GeometryFile name="Servo-Disc_Default_sldprt.STEP" type="STEP"/>
<VisualProperties>
<Ambient r="0.89803921568627454" g="0.91764705882352937" b="0.92941176470588238" a="1"/>
<Diffuse r="0.89803921568627454" g="0.91764705882352937" b="0.92941176470588238" a="1"/>
<Specular r="0.44901960784313727" g="0.45882352941176469" b="0.46470588235294119" a="1"/>
<Emissive r="0" g="0" b="0" a="1"/>
<Shininess>0.3125</Shininess>
</VisualProperties>
</Part>
<Part name="Servo-disc-link_MX-106T" uid="Servo-disc-link_MX-106T*:*Default" version="245">
<ModelUnits mass="kilogram" length="millimeter"/>
<PartFile name="Servo-disc-link_MX-106T.SLDPRT" type="SolidWorks Part"/>
<MassProperties>
<Mass>0.0086440413403225027</Mass>
<CenterOfMass>0.0061500000000000877 0.012499999999999997 -0.01052622773649838</CenterOfMass>
<Inertia>1.7786292104403488e-06 6.1848717997336497e-06 5.3446742483731532e-06 0 0 0</Inertia>
</MassProperties>
<GeometryFile name="Servo-disc-link_MX-106T_Default_sldprt.STEP" type="STEP"/>
<VisualProperties>
<Ambient r="0.89803921568627454" g="0.91764705882352937" b="0.92941176470588238" a="1"/>
<Diffuse r="0.89803921568627454" g="0.91764705882352937" b="0.92941176470588238" a="1"/>
<Specular r="0.44901960784313727" g="0.45882352941176469" b="0.46470588235294119" a="1"/>
<Emissive r="0" g="0" b="0" a="1"/>
<Shininess>0.3125</Shininess>
</VisualProperties>
</Part>
<Part name="Servo-disc-link_MX-28T" uid="Servo-disc-link_MX-28T*:*Default" version="285">
<ModelUnits mass="kilogram" length="millimeter"/>
<PartFile name="Servo-disc-link_MX-28T.SLDPRT" type="SolidWorks Part"/>
<MassProperties>
<Mass>0.0077785778411459628</Mass>
<CenterOfMass>-0.0005749999999999344 0.012499999999999994 -0.011697401449226397</CenterOfMass>
<Inertia>1.6268186003975945e-06 3.8970317287224708e-06 3.1182960071232571e-06 0 0 0</Inertia>
</MassProperties>
<GeometryFile name="Servo-disc-link_MX-28T_Default_sldprt.STEP" type="STEP"/>
<VisualProperties>
<Ambient r="0.89803921568627454" g="0.91764705882352937" b="0.92941176470588238" a="1"/>
<Diffuse r="0.89803921568627454" g="0.91764705882352937" b="0.92941176470588238" a="1"/>
<Specular r="0.44901960784313727" g="0.45882352941176469" b="0.46470588235294119" a="1"/>
<Emissive r="0" g="0" b="0" a="1"/>
<Shininess>0.3125</Shininess>
</VisualProperties>
</Part>
<Part name="Servo-disc-link_MX-64T" uid="Servo-disc-link_MX-64T*:*Default" version="257">
<ModelUnits mass="kilogram" length="millimeter"/>
<PartFile name="Servo-disc-link_MX-64T.SLDPRT" type="SolidWorks Part"/>
<MassProperties>
<Mass>0.0082862913403225231</Mass>
<CenterOfMass>0.0035000000000000829 0.012500000000000001 -0.01098068411729297</CenterOfMass>
<Inertia>1.7186159866796092e-06 5.1868693418407834e-06 4.3694193892410274e-06 0 0 0</Inertia>
</MassProperties>
<GeometryFile name="Servo-disc-link_MX-64T_Default_sldprt.STEP" type="STEP"/>
<VisualProperties>
<Ambient r="0.89803921568627454" g="0.91764705882352937" b="0.92941176470588238" a="1"/>
<Diffuse r="0.89803921568627454" g="0.91764705882352937" b="0.92941176470588238" a="1"/>
<Specular r="0.44901960784313727" g="0.45882352941176469" b="0.46470588235294119" a="1"/>
<Emissive r="0" g="0" b="0" a="1"/>
<Shininess>0.3125</Shininess>
</VisualProperties>
</Part>
<Part name="Servo-link-link_MX-106T" uid="Servo-link-link_MX-106T*:*Default" version="354">
<ModelUnits mass="kilogram" length="millimeter"/>
<PartFile name="Servo-link-link_MX-106T.SLDPRT" type="SolidWorks Part"/>
<MassProperties>
<Mass>0.0039095056304818522</Mass>
<CenterOfMass>-0.0044999999999999303 0.014999999999999996 -0.001120329652459507</CenterOfMass>
<Inertia>3.0822167961157922e-07 6.470629200110203e-07 9.2163407867759464e-07 0 0 0</Inertia>
</MassProperties>
<GeometryFile name="Servo-link-link_MX-106T_Default_sldprt.STEP" type="STEP"/>
<VisualProperties>
<Ambient r="0.89803921568627454" g="0.91764705882352937" b="0.92941176470588238" a="1"/>
<Diffuse r="0.89803921568627454" g="0.91764705882352937" b="0.92941176470588238" a="1"/>
<Specular r="0.44901960784313727" g="0.45882352941176469" b="0.46470588235294119" a="1"/>
<Emissive r="0" g="0" b="0" a="1"/>
<Shininess>0.3125</Shininess>
</VisualProperties>
</Part>
<Part name="Servo-link-link_MX-28T" uid="Servo-link-link_MX-28T*:*Default" version="386">
<ModelUnits mass="kilogram" length="millimeter"/>
<PartFile name="Servo-link-link_MX-28T.SLDPRT" type="SolidWorks Part"/>
<MassProperties>
<Mass>0.00358550563048185</Mass>
<CenterOfMass>-0.0064999999999999346 0.015000000000000001 -0.0012215669240763689</CenterOfMass>
<Inertia>2.8011136124393929e-07 4.861348030739207e-07 7.3353646872843932e-07 0 0 0</Inertia>
</MassProperties>
<GeometryFile name="Servo-link-link_MX-28T_Default_sldprt.STEP" type="STEP"/>
<VisualProperties>
<Ambient r="0.89803921568627454" g="0.91764705882352937" b="0.92941176470588238" a="1"/>
<Diffuse r="0.89803921568627454" g="0.91764705882352937" b="0.92941176470588238" a="1"/>
<Specular r="0.44901960784313727" g="0.45882352941176469" b="0.46470588235294119" a="1"/>
<Emissive r="0" g="0" b="0" a="1"/>
<Shininess>0.3125</Shininess>
</VisualProperties>
</Part>
<Part name="Servo-link-link_MX-64T" uid="Servo-link-link_MX-64T*:*Default" version="357">
<ModelUnits mass="kilogram" length="millimeter"/>
<PartFile name="Servo-link-link_MX-64T.SLDPRT" type="SolidWorks Part"/>
<MassProperties>
<Mass>0.0039095056304818505</Mass>
<CenterOfMass>-0.0044999999999999277 0.014999999999999996 -0.0011203296524595037</CenterOfMass>
<Inertia>3.0822167961157933e-07 6.4706292001102072e-07 9.2163407867759549e-07 0 0 0</Inertia>
</MassProperties>
<GeometryFile name="Servo-link-link_MX-64T_Default_sldprt.STEP" type="STEP"/>
<VisualProperties>
<Ambient r="0.89803921568627454" g="0.91764705882352937" b="0.92941176470588238" a="1"/>
<Diffuse r="0.89803921568627454" g="0.91764705882352937" b="0.92941176470588238" a="1"/>
<Specular r="0.44901960784313727" g="0.45882352941176469" b="0.46470588235294119" a="1"/>
<Emissive r="0" g="0" b="0" a="1"/>
<Shininess>0.3125</Shininess>
</VisualProperties>
</Part>
</Parts>
</SimscapeMultibodyImportXML>
